V 54
K 1
D 0 -4318000 5080000 0
Y 1
U 4699000 762000 254000 0 2 3 REFDES=IC?
U 4699000 508000 254000 0 2 3 DEVICE=MICROFJ-60035-TSV-TR
U 4699000 254000 254000 0 2 0 PKG_TYPE=BGA36C100P6X6_613X613X67
U 4699000 0 254000 0 2 0 Description=High-density microcells; Optimized for high-performance timing applications, such as ToF-PET; Ultra-low dark count rates of 50 kHz/mm2 typical; J-Series sensors feature ON Semiconductor's unique 'fast output' terminal; Exceptional breakdown voltage uniformity of +/-250 mV; Temperature stability of 21.5 mV/C; 3 mm, 4 mm and 6 mm sensor sizes; Available in a reflow solder compatible TSV chip-scale package; Bias voltage of <30 V
U 4699000 -254000 254000 0 2 0 Datasheet Link=https://www.onsemi.com/pub/Collateral/MICROJ-SERIES-D.PDF
U 4699000 -508000 254000 0 2 0 Height=0.67
U 4699000 -762000 254000 0 2 0 Mouser Part Number=863-MFJ60035TSVTR
U 4699000 -1016000 254000 0 2 0 Mouser Price/Stock=https://www.mouser.co.uk/ProductDetail/onsemi/MICROFJ-60035-TSV-TR?qs=byeeYqUIh0MKhzx4oC65Mg%3D%3D
U 4699000 -1270000 254000 0 2 0 Manufacturer_Name=onsemi
U 4699000 -1524000 254000 0 2 0 Manufacturer_Part_Number=MICROFJ-60035-TSV-TR
U 0 0 254000 0 1 0 FORWARD_PCB=1
l 5 508000 254000 4572000 254000 4572000 -4572000 508000 -4572000 508000 254000
|GRPHSTL -1 -1 -1 1
P 1 0 0 508000 0 0 2 0
L 584200 0 228600 0 2 0 1 0 CATHODE_1
A 355600 50800 203200 0 9 3 #=A1
A 0 0 9 0 3 0 PINTYPE=BI
P 2 0 -254000 508000 -254000 0 2 0
L 584200 -254000 228600 0 2 0 1 0 NO_CONNECT_1
A 355600 -203200 203200 0 9 3 #=A2
A 0 0 9 0 3 0 PINTYPE=BI
P 3 0 -508000 508000 -508000 0 2 0
L 584200 -508000 228600 0 2 0 1 0 NO_CONNECT_2
A 355600 -457200 203200 0 9 3 #=A3
A 0 0 9 0 3 0 PINTYPE=BI
P 4 0 -762000 508000 -762000 0 2 0
L 584200 -762000 228600 0 2 0 1 0 NO_CONNECT_3
A 355600 -711200 203200 0 9 3 #=A4
A 0 0 9 0 3 0 PINTYPE=BI
P 5 0 -1016000 508000 -1016000 0 2 0
L 584200 -1016000 228600 0 2 0 1 0 NO_CONNECT_4
A 355600 -965200 203200 0 9 3 #=A5
A 0 0 9 0 3 0 PINTYPE=BI
P 6 0 -1270000 508000 -1270000 0 2 0
L 584200 -1270000 228600 0 2 0 1 0 NO_CONNECT_5
A 355600 -1219200 203200 0 9 3 #=A6
A 0 0 9 0 3 0 PINTYPE=BI
P 7 0 -1524000 508000 -1524000 0 2 0
L 584200 -1524000 228600 0 2 0 1 0 NO_CONNECT_6
A 355600 -1473200 203200 0 9 3 #=B1
A 0 0 9 0 3 0 PINTYPE=BI
P 8 0 -1778000 508000 -1778000 0 2 0
L 584200 -1778000 228600 0 2 0 1 0 NO_CONNECT_7
A 355600 -1727200 203200 0 9 3 #=B2
A 0 0 9 0 3 0 PINTYPE=BI
P 9 0 -2032000 508000 -2032000 0 2 0
L 584200 -2032000 228600 0 2 0 1 0 NO_CONNECT_8
A 355600 -1981200 203200 0 9 3 #=B3
A 0 0 9 0 3 0 PINTYPE=BI
P 10 0 -2286000 508000 -2286000 0 2 0
L 584200 -2286000 228600 0 2 0 1 0 NO_CONNECT_9
A 355600 -2235200 203200 0 9 3 #=B4
A 0 0 9 0 3 0 PINTYPE=BI
P 11 0 -2540000 508000 -2540000 0 2 0
L 584200 -2540000 228600 0 2 0 1 0 NO_CONNECT_10
A 355600 -2489200 203200 0 9 3 #=B5
A 0 0 9 0 3 0 PINTYPE=BI
P 12 0 -2794000 508000 -2794000 0 2 0
L 584200 -2794000 228600 0 2 0 1 0 NO_CONNECT_11
A 355600 -2743200 203200 0 9 3 #=B6
A 0 0 9 0 3 0 PINTYPE=BI
P 13 0 -3048000 508000 -3048000 0 2 0
L 584200 -3048000 228600 0 2 0 1 0 ANODE_1
A 355600 -2997200 203200 0 9 3 #=C1
A 0 0 9 0 3 0 PINTYPE=BI
P 14 0 -3302000 508000 -3302000 0 2 0
L 584200 -3302000 228600 0 2 0 1 0 NO_CONNECT_12
A 355600 -3251200 203200 0 9 3 #=C2
A 0 0 9 0 3 0 PINTYPE=BI
P 15 0 -3556000 508000 -3556000 0 2 0
L 584200 -3556000 228600 0 2 0 1 0 NO_CONNECT_13
A 355600 -3505200 203200 0 9 3 #=C3
A 0 0 9 0 3 0 PINTYPE=BI
P 16 0 -3810000 508000 -3810000 0 2 0
L 584200 -3810000 228600 0 2 0 1 0 NO_CONNECT_14
A 355600 -3759200 203200 0 9 3 #=C4
A 0 0 9 0 3 0 PINTYPE=BI
P 17 0 -4064000 508000 -4064000 0 2 0
L 584200 -4064000 228600 0 2 0 1 0 NO_CONNECT_15
A 355600 -4013200 203200 0 9 3 #=C5
A 0 0 9 0 3 0 PINTYPE=BI
P 18 0 -4318000 508000 -4318000 0 2 0
L 584200 -4318000 228600 0 2 0 1 0 FAST_OUTPUT_1
A 355600 -4267200 203200 0 9 3 #=C6
A 0 0 9 0 3 0 PINTYPE=BI
P 19 5080000 0 4572000 0 0 3 0
L 4495800 0 228600 0 8 0 1 0 ANODE_2
A 4724400 50800 203200 0 3 3 #=D1
A 0 0 9 0 3 0 PINTYPE=BI
P 20 5080000 -254000 4572000 -254000 0 3 0
L 4495800 -254000 228600 0 8 0 1 0 NO_CONNECT_16
A 4724400 -203200 203200 0 3 3 #=D2
A 0 0 9 0 3 0 PINTYPE=BI
P 21 5080000 -508000 4572000 -508000 0 3 0
L 4495800 -508000 228600 0 8 0 1 0 NO_CONNECT_17
A 4724400 -457200 203200 0 3 3 #=D3
A 0 0 9 0 3 0 PINTYPE=BI
P 22 5080000 -762000 4572000 -762000 0 3 0
L 4495800 -762000 228600 0 8 0 1 0 NO_CONNECT_18
A 4724400 -711200 203200 0 3 3 #=D4
A 0 0 9 0 3 0 PINTYPE=BI
P 23 5080000 -1016000 4572000 -1016000 0 3 0
L 4495800 -1016000 228600 0 8 0 1 0 NO_CONNECT_19
A 4724400 -965200 203200 0 3 3 #=D5
A 0 0 9 0 3 0 PINTYPE=BI
P 24 5080000 -1270000 4572000 -1270000 0 3 0
L 4495800 -1270000 228600 0 8 0 1 0 FAST_OUTPUT_2
A 4724400 -1219200 203200 0 3 3 #=D6
A 0 0 9 0 3 0 PINTYPE=BI
P 25 5080000 -1524000 4572000 -1524000 0 3 0
L 4495800 -1524000 228600 0 8 0 1 0 NO_CONNECT_20
A 4724400 -1473200 203200 0 3 3 #=E1
A 0 0 9 0 3 0 PINTYPE=BI
P 26 5080000 -1778000 4572000 -1778000 0 3 0
L 4495800 -1778000 228600 0 8 0 1 0 NO_CONNECT_21
A 4724400 -1727200 203200 0 3 3 #=E2
A 0 0 9 0 3 0 PINTYPE=BI
P 27 5080000 -2032000 4572000 -2032000 0 3 0
L 4495800 -2032000 228600 0 8 0 1 0 NO_CONNECT_22
A 4724400 -1981200 203200 0 3 3 #=E3
A 0 0 9 0 3 0 PINTYPE=BI
P 28 5080000 -2286000 4572000 -2286000 0 3 0
L 4495800 -2286000 228600 0 8 0 1 0 NO_CONNECT_23
A 4724400 -2235200 203200 0 3 3 #=E4
A 0 0 9 0 3 0 PINTYPE=BI
P 29 5080000 -2540000 4572000 -2540000 0 3 0
L 4495800 -2540000 228600 0 8 0 1 0 NO_CONNECT_24
A 4724400 -2489200 203200 0 3 3 #=E5
A 0 0 9 0 3 0 PINTYPE=BI
P 30 5080000 -2794000 4572000 -2794000 0 3 0
L 4495800 -2794000 228600 0 8 0 1 0 NO_CONNECT_25
A 4724400 -2743200 203200 0 3 3 #=E6
A 0 0 9 0 3 0 PINTYPE=BI
P 31 5080000 -3048000 4572000 -3048000 0 3 0
L 4495800 -3048000 228600 0 8 0 1 0 NO_CONNECT_26
A 4724400 -2997200 203200 0 3 3 #=F1
A 0 0 9 0 3 0 PINTYPE=BI
P 32 5080000 -3302000 4572000 -3302000 0 3 0
L 4495800 -3302000 228600 0 8 0 1 0 NO_CONNECT_27
A 4724400 -3251200 203200 0 3 3 #=F2
A 0 0 9 0 3 0 PINTYPE=BI
P 33 5080000 -3556000 4572000 -3556000 0 3 0
L 4495800 -3556000 228600 0 8 0 1 0 NO_CONNECT_28
A 4724400 -3505200 203200 0 3 3 #=F3
A 0 0 9 0 3 0 PINTYPE=BI
P 34 5080000 -3810000 4572000 -3810000 0 3 0
L 4495800 -3810000 228600 0 8 0 1 0 NO_CONNECT_29
A 4724400 -3759200 203200 0 3 3 #=F4
A 0 0 9 0 3 0 PINTYPE=BI
P 35 5080000 -4064000 4572000 -4064000 0 3 0
L 4495800 -4064000 228600 0 8 0 1 0 NO_CONNECT_30
A 4724400 -4013200 203200 0 3 3 #=F5
A 0 0 9 0 3 0 PINTYPE=BI
P 36 5080000 -4318000 4572000 -4318000 0 3 0
L 4495800 -4318000 228600 0 8 0 1 0 CATHODE_2
A 4724400 -4267200 203200 0 3 3 #=F6
A 0 0 9 0 3 0 PINTYPE=BI
E
